dx
ordre
c_minus
c_plus
sigma_minus
sigma_plus
vitesse
Start_domaine
Start_solution
================        1+  g
0.002
2 
4.
0.4
3.
7.
0.2
-0.4
-0.2
================        1+  d
0.002
2 
4.
0.4
3.
7.
0.2
-0.4
0.2
================        1-  g
0.002
2 
4.
0.4
3.
7.
-0.2
-0.6
-0.2
================        1-  d
0.002
2 
4.
0.4
3.
7.
-0.2
-0.4
0.2
================        2-  g
0.002
2 
4.
0.4
3.
7.
-5
-1.
-0.4
================        2-  d
0.002
2 
4.
0.4
3.
7.
-5
-0.6
0.2
================        2+  g
0.002
2 
4.
0.4
3.
7.
5
-0.4
-0.2
================        2+  d
0.002
2 
4.
0.4
3.
7.
5
-0.2
0.2
================        3++ g
0.002
2 
4.
0.4
3.
7.
2
-0.4
-0.2
================        3+- d
0.002
2 
4.
0.4
3.
7.
-2
-0.4
0.2
================        3-+ g
0.002
2 
4.
0.4
3.
7.
-2
-0.8
-0.4
================        3-- d
0.002
2 
4.
0.4
3.
7.
2
-0.2
0.4
================  