dx
ordre
c_minus
c_plus
sigma_minus
sigma_plus
vitesse
Start_domaine
Start_solution
================        1+  g
0.002
2 
4
0.6
3.
7.
0.4
-0.6
-0.2
================        1+  d
0.002
2 
4
0.6
3.
7.
0.4
-0.6
0.2
================        1-  g
0.002
2 
4
0.6
3.
7.
-0.4
-0.8
-0.2
================        1-  d
0.002
2 
4
0.6
3.
7.
-0.8
-0.4
0.1
================        2-  g
0.002
2 
4
0.6
4.
7.
-6
-1.
-0.4
================        2-  d
0.002
2 
4
0.6
3.
7.
-6
-0.6
0.2
================        2+  g
0.002
2 
4
0.6
3.
7.
6
-0.4
-0.2
================        2+  d
0.002
2 
4
0.6
3.
7.
6
-0.2
0.2
================        3++ g
0.002
2 
4
0.6
3.
7.
2
-0.8
-0.2
================        3+- d
0.002
2 
4
0.6
3.
7.
-2
-0.4
0.2
================        3-+ g
0.002
2 
4
0.6
3.
7.
-2
-1.2
-0.4
================        3-- d
0.002
2 
4
0.6
3.
7.
2
-0.6
0.2
================        1+  g
0.002
2 
1.5
0.6
3.
7.
0.4
-0.6
-0.2
================        1+  d
0.002
2 
1.5
0.1
3.
7.
0.4
-0.6
0.2
================        1-  g
0.002
2 
1.5
0.1
3.
7.
-0.4
-0.8
-0.2
================        1-  d
0.002
2 
1.5
0.1
3.
7.
-0.8
-0.4
0.1
================        2-  g
0.002
2 
1.5
0.1
4.
7.
-4
-1.
-0.4
================        2-  d
0.002
2 
1.5
0.1
3.
7.
-4
-0.6
0.2
================        2+  g
0.002
2 
1.5
0.1
3.
7.
4
-0.4
-0.2
================        2+  d
0.002
2 
1.5
0.1
3.
7.
4
-0.2
0.2
================        3++ g
0.002
2 
1.5
0.1
3.
7.
1
-0.8
-0.2
================        3+- d
0.002
2 
1.5
0.1
3.
7.
-1
-0.4
0.2
================        3-+ g
0.002
2 
1.5
0.1
3.
7.
-1
-1.2
-0.4
================        3-- d
0.002
2 
1.5
0.1
3.
7.
1
-0.6
0.2
================  